90
90
186
157
158
90
79
92
86
86
95
84
82
92
94
129
142
110
85
88
96
165
141
84
93
89
90
129
170
109
89
95
95
89
96
96
175
151
149
92
136
88
101
90
95
94
92
88
88
87
134
121
113
93
89
87
83
89
89
90
93
88
96
87
88
90
93
85
88
84
91
88
93
92
87
78
88
90
90
88
84
91
88
144
125
122
93
128
132
108
86
91
91
90
89
89
103
162
137
75
86
88
87
90
96
93
90
149
170
86
89
88
95
97
97
94
88
93
88
91
91
191
167
163
93
90
185
181
157
88
88
82
75
66
87
90
95
86
91
72
67
90
91
90
90
88
84
91
90
94
99
89
88
93
85
93
86
93
86
90
92
171
180
98
97
86
128
146
109
98
90
91
90
94
85
93
96
95
87
77
89
87
168
140
142
96
85
92
87
92
90
96
90
90
84
86
92
87
89
92
86
87
85
96
88
81
91
85
89
180
141
92
88
87
97
89
93
94
75
86
130
179
110
87
82
91
91
123
105
93
83
88
85
88
85
90
87
143
122
93
87
93
90
86
94
92
96
99
92
91
90
82
96
102
85
92
84
97
196
93
172
156
146
86
90
101
87
80
94
89
176
191
88
97
93
95
88
94
89
86
172
145
88
88
84
87
181
139
154
82
96
93
96
96
89
87
89
90
86
88
179
154
152
94
84
88
85
91
87
93
88
87
85
92
84
85
95
171
87
136
147
92
89
91
86
88
86
80
89
93
90
94
89
91
95
87
147
131
97
85
80
85
96
187
145
88
174
168
148
96
66
94
93
91
199
145
169
91
89
85
92
92
89
185
162
85
98
87
77
86
83
90
87
84
70
80
84
78
85
81
85
91
85
84
89
85
88
81
91
83
91
87
89
89
78
87
85
88
140
91
131
163
82
80
92
83
83
89
84
87
83
78
85
83
88
88
86
82
87
87
87
75
157
133
88
80
84
87
82
87
82
84
130
89
76
81
80
86
85
85
80
82
86
76
86
80
90
79
98
91
90
79
92
189
161
65
74
79
84
77
90
89
75
86
85
88
91
79
84
88
89
83
81
91
93
83
89
85
83
191
140
162
94
92
87
88
83
187
86
85
156
148
89
80
84
85
83
85
143
82
84
80
83
84
86
88
83
81
80
86
190
161
89
88
79
90
88
77
86
80
81
134
131
114
82
86
85
75
92
81
155
178
131
62
86
87
89
79
90
95
85
75
87
91
87
85
83
81
185
199
85
85
78
89
87
92
89
82
60
65
69
89
94
83
79
82
83
60
65
83
79
85
196
167
82
88
84
80
83
86
85
83
87
89
85
90
92
83
89
82
90
77
87
86
81
81
83
79
90
86
88
121
103
87
87
89
85
83
76
85
81
82
84
83
90
78
92
87
86
86
82
178
80
86
185
87
85
80
82
83
122
89
82
81
85
83
87
89
191
86
83
86
171
145
79
155
144
87
91
85
92
85
89
84
149
140
127
89
75
85
90
86
81
84
79
83
90
86
93
87
85
95
87
82
86
87
199
120
169
92
88
83
84
90
84
85
89
85
80
79
79
170
145
89
89
86
83
90
80
86
83
76
80
87
89
97
86
86
90
83
81
78
84
90
84
83
88
88
122
104
85
80
89
84
87
83
86
86
75
155
193
132
90
85
90
177
89
91
92
90
94
91
88
91
97
91
93
92
179
152
89
95
124
190
105
94
95
92
92
89
90
92
90
97
97
88
95
87
93
198
95
88
87
89
88
95
90
94
91
90
93
90
90
94
94
95
91
94
95
91
91
90
96
89
92
91
92
135
94
93
93
160
139
95
90
176
182
93
90
94
89
92
91
96
93
93
92
89
95
88
75
94
95
86
90
89
88
92
93
199
142
96
97
91
156
141
132
94
86
95
96
90
93
90
127
94
93
69
63
79
91
90
192
94
91
88
93
85
88
91
93
94
88
92
89
96
88
93
87
61
72
92
155
132
92
90
91
92
91
92
93
92
151
128
93
92
65
63
75
90
90
92
90
93
89
89
96
94
86
96
88
91
92
93
94
153
130
93
86
89
145
123
88
90
183
156
93
89
91
89
87
91
90
91
92
88
93
95
96
91
93
94
88
89
96
92
94
90
90
87
95
89
180
190
153
90
90
88
88
91
89
90
92
92
93
91
94
61
64
88
146
124
96
91
93
95
94
94
95
93
93
86
90
192
163
61
70
90
89
88
90
90
88
186
158
87
94
160
136
95
92
92
90
87
95
97
134
95
94
91
92
89
91
95
95
92
89
91
89
91
89
92
93
77
67
91
92
87
92
77
89
89
92
94
94
90
94
93
161
95
89
87
90
90
90
91
91
94
93
89
93
95
95
94
95
92
91
90
92
88
91
91
87
90
86
90
92
93
89
91
91
90
96
88
92
91
91
94
91
92
91
96
94
89
93
87
95
93
92
94
91
91
91
94
90
95
92
97
86
92
92
89
93
93
93
92
198
132
93
93
91
96
98
94
97
94
99
98
96
151
166
129
94
96
93
95
99
96
99
97
99
94
96
95
98
150
148
127
162
138
94
98
97
94
97
97
96
94
98
95
97
96
147
96
96
96
101
96
98
96
97
96
99
95
98
96
94
98
96
94
97
95
100
96
96
97
95
96
97
96
97
94
95
95
96
98
96
98
96
98
98
145
184
96
72
62
97
95
137
98
95
100
95
95
96
96
98
96
95
95
96
131
195
111
97
97
96
96
99
95
94
95
94
98
97
98
97
96
95
96
97
97
121
97
95
97
98
99
99
95
157
148
96
96
98
94
95
96
92
97
96
97
96
93
95
96
95
94
97
97
95
95
196
98
96
65
75
100
98
96
94
97
96
97
98
94
95
96
96
93
178
151
120
184
102
98
98
93
96
143
194
122
94
98
95
95
98
126
195
107
98
98
96
96
93
96
95
97
98
93
156
143
133
95
96
96
97
95
97
96
97
95
98
95
95
97
98
143
122
97
94
96
99
98
95
96
97
96
74
85
99
96
99
95
94
94
95
94
98
96
75
98
94
94
99
92
98
99
97
97
98
95
97
94
97
95
96
96
98
97
96
95
98
95
96
175
167
149
99
95
97
95
95
96
97
98
138
187
96
94
96
99
96
96
99
96
96
99
99
120
123
102
99
97
95
97
95
97
98
96
95
97
96
98
98
96
95
99
98
94
98
96
95
97
94
96
96
97
98
96
97
99
98
97
97
97
99
95
95
94
95
98
98
97
94
164
196
100
94
98
95
97
96
95
96
95
95
96
95
94
97
95
97
97
98
98
98
97
96
95
96
98
94
99
95
97
96
95
122
103
85
88
155
132
91
85
91
88
84
93
82
92
89
182
94
84
84
93
87
88
86
82
91
95
94
87
88
90
87
84
80
92
87
85
93
163
138
87
81
90
89
90
92
89
93
181
186
154
87
88
81
89
86
84
148
150
87
88
85
84
89
87
90
86
87
84
86
86
83
87
92
173
147
85
83
84
88
93
86
86
89
122
88
87
89
133
152
113
89
157
166
92
93
83
87
156
133
177
150
82
83
85
87
122
149
89
85
178
134
93
86
86
86
92
90
84
88
94
178
188
82
186
86
87
86
89
88
85
91
87
87
129
109
84
197
161
168
83
83
87
93
90
86
84
146
156
124
93
92
88
94
89
86
84
86
87
83
86
89
186
144
158
87
86
92
154
89
87
93
88
91
145
196
123
83
91
88
86
83
90
89
90
86
91
86
88
86
88
85
90
80
76
72
86
90
88
147
87
92
85
89
80
88
81
90
87
88
85
87
85
93
89
81
88
88
81
87
84
86
145
85
84
88
90
89
91
87
86
88
86
86
89
77
82
80
84
88
84
85
91
89
85
92
87
89
86
151
128
92
97
95
87
78
88
86
86
70
60
86
86
86
87
86
90
87
84
92
85
89
83
87
88
179
89
90
150
191
128
86
128
109
86
87
82
92
86
89
92
89
94
87
86
120
102
93
86
93
85
87
84
91
86
91
80
87
88
88
89
92
84
86
89
90
81
85
89
89
91
79
78
90
90
86
88
86
91
85
87
88
88
88
82
130
126
110
86
92
88
86
85
88
87
88
89
87
84
84
89
97
86
87
89
89
90
91
83
90
88
90
92
89
92
78
89
166
89
136
165
116
89
91
93
158
134
83
89
95
87
84
87
89
89
88
180
149
153
83
91
85
82
87
90
83
187
199
85
83
138
125
88
95
91
86
85
89
96
81
92
83
84
83
88
81
86
95
83
87
89
83
85
95
87
199
169
90
79
61
96
84
85
91
87
92
91
165
198
87
92
87
86
84
86
144
154
122
94
94
84
95
87
89
90
90
85
88
80
87
87
76
62
87
87
83
90
85
84
82
87
160
121
136
86
87
91
88
85
88
83
82
83
87
88
156
133
175
138
84
94
88
88
96
84
78
196
129
167
85
87
79
88
86
85
122
167
104
156
133
84
86
90
86
91
84
139
199
91
81
88
88
180
153
84
95
83
92
88
182
154
91
78
73
90
88
85
85
91
89
83
77
91
90
85
87
81
86
90
152
129
89
88
86
91
89
149
129
126
93
87
85
78
83
92
94
86
85
98
92
67
77
90
89
137
148
90
91
86
85
87
87
89
82
87
89
81
87
88
86
88
92
86
85
86
82
91
94
85
88
79
88
87
81
85
85
94
84
94
87
83
80
89
88
87
74
77
85
86
86
90
84
93
83
83
88
181
195
88
80
88
90
85
89
87
88
87
71
74
86
83
87
86
86
86
77
85
94
78
96
84
77
165
79
94
85
84
82
92
88
81
173
86
85
79
84
86
84
95
82
92
87
85
82
84
92
91
89
93
85
85
84
92
85
89
87
86
84
97
86
87
88
92
90
91
91
87
85
83
147
146
125
85
87
80
78
90
85
91
86
82
91
80
90
139
93
83
84
63
72
89
79
88
93
152
129
89
88
83
86
91
89
91
91
92
89
84
88
90
92
86
88
85
88
92
84
91
86
89
88
171
92
67
89
89
87
85
88
88
89
86
86
183
172
84
90
82
165
140
91
87
87
85
85
89
91
86
94
182
89
87
130
160
110
85
90
87
86
87
86
165
87
89
84
85
87
86
86
86
92
172
180
146
91
90
133
190
85
90
87
85
90
87
84
89
174
148
89
90
91
86
88
87
86
88
83
85
89
90
89
87
89
90
90
92
89
88
86
83
86
85
83
90
87
89
82
82
88
88
91
89
86
89
88
91
81
87
87
90
90
91
88
90
135
187
115
87
91
87
90
83
89
90
91
86
87
86
86
88
83
87
85
89
85
91
87
90
87
87
92
83
88
85
90
87
85
89
89
90
94
154
130
179
196
152
88
85
93
89
89
88
128
108
89
90
90
91
84
78
60
90
88
88
85
87
86
86
86
86
87
86
88
87
192
163
70
67
80
86
88
85
88
91
148
126
90
189
86
79
63
91
85
87
87
86
87
87
87
89
88
88
90
88
89
155
132
90
88
88
91
91
87
89
89
86
86
85
87
84
88
89
87
82
87
86
86
87
88
88
85
88
87
89
87
85
90
88
155
132
89
85
87
86
169
144
159
90
88
87
87
185
122
84
87
88
90
90
88
88
85
88
187
88
90
191
162
88
89
88
90
87
85
184
193
156
91
88
198
189
88
87
67
75
92
89
82
91
85
88
85
86
92
86
86
90
90
85
83
86
88
88
91
194
165
86
87
86
87
86
85
85
85
86
90
91
77
89
89
180
174
85
90
87
88
89
85
87
89
89
93
84
85
89
86
86
86
86
82
92
90
71
86
93
96
91
102
102
95
96
93
92
100
98
92
99
96
93
94
97
97
96
93
95
95
92
93
103
96
89
103
161
159
105
98
94
155
131
93
87
165
86
92
144
164
96
96
103
95
98
94
92
100
91
90
94
96
93
90
92
99
91
86
99
91
94
94
93
103
93
92
166
92
95
92
124
178
106
87
93
94
90
97
90
89
94
101
88
92
90
96
125
99
88
97
95
89
99
95
95
89
101
89
100
94
92
99
90
94
101
91
100
63
70
72
99
123
145
104
93
91
91
91
91
92
90
97
98
96
97
97
92
95
91
98
98
98
100
102
90
93
93
97
94
95
93
91
85
101
94
84
94
94
93
98
97
92
93
188
160
95
98
93
90
93
93
155
171
132
94
93
92
132
188
112
96
98
95
93
93
101
98
95
94
94
97
96
93
97
91
85
150
127
94
97
96
75
76
94
100
96
97
97
100
90
100
89
184
152
156
91
96
103
102
95
93
95
100
97
96
95
68
94
95
97
96
74
86
122
104
96
98
93
141
137
119
95
90
91
90
125
190
106
104
90
94
97
60
95
91
92
98
105
90
91
94
74
67
99
92
90
94
84
92
129
109
90
100
86
98
96
90
98
95
90
94
90
95
104
98
65
72
96
199
148
169
95
88
95
89
88
93
93
93
94
93
94
91
103
102
90
92
89
93
95
96
99
100
102
98
92
90
102
93
90
90
89
102
94
91
101
90
98
98
163
146
92
88
92
97
90
97
96
94
84
91
94
96
96
99
97
94
161
94
97
98
89
91
101
88
90
89
89
92
192
149
95
91
96
94
99
102
94
144
122
95
101
93
95
94
95
100
95
126
189
96
87
91
173
187
96
97
92
99
146
183
88
95
100
88
96
100
93
92
85
90
89
98
92
94
151
191
129
100
96
89
96
91
180
188
153
94
92
128
92
88
88
87
98
96
88
87
94
93
93
95
93
92
92
92
195
146
166
95
92
86
98
98
101
91
197
156
94
94
87
100
91
187
159
88
88
101
198
92
85
92
92
94
98
89
91
95
97
96
94
90
97
85
94
183
155
93
89
93
103
96
100
89
88
84
103
89
88
95
90
96
102
94
100
94
88
96
89
96
99
93
98
97
99
97
95
90
76
88
91
95
92
92
196
127
167
179
182
152
91
195
183
88
87
91
198
100
94
97
85
90
97
94
126
107
91
96
88
92
93
97
89
93
92
88
170
145
92
90
90
95
90
87
97
93
91
91
90
92
89
91
94
96
86
86
86
101
83
88
96
97
92
90
93
87
93
121
102
94
84
92
173
87
83
85
88
182
132
155
97
95
94
94
93
83
99
79
76
91
87
90
98
84
98
191
86
93
93
91
83
90
93
92
93
101
93
96
93
91
98
94
91
71
94
95
95
155
126
132
94
101
92
96
91
86
87
168
93
85
97
96
92
86
92
98
95
94
93
82
94
184
156
91
98
95
97
94
94
100
93
101
94
95
85
104
159
120
135
94
91
98
93
83
92
95
84
74
76
95
90
189
93
91
92
92
94
94
94
83
93
91
91
94
166
132
141
98
95
90
91
94
95
93
85
144
122
90
131
134
87
99
92
88
89
88
84
98
94
93
87
92
91
86
88
92
89
90
94
97
92
100
97
97
96
90
94
90
95
93
122
124
104
83
87
159
88
85
82
85
63
73
73
84
86
89
84
167
154
142
85
83
86
86
85
91
86
86
88
85
83
82
85
84
88
84
87
84
188
160
86
84
145
157
88
86
89
82
86
171
156
145
84
90
91
87
84
88
86
88
86
89
84
87
81
87
86
87
84
88
71
76
84
88
121
84
182
177
83
86
86
88
92
87
87
85
84
84
86
84
84
84
82
85
87
86
83
88
83
89
85
86
189
145
161
171
137
146
82
85
83
86
88
86
86
85
88
85
81
86
84
86
85
87
86
84
86
85
174
145
148
85
62
80
86
92
88
83
84
85
85
88
81
84
88
81
181
83
87
82
184
156
84
88
85
87
87
86
86
83
86
85
86
85
83
85
83
83
85
89
87
152
129
86
86
88
187
168
159
81
88
88
86
127
164
108
84
90
86
84
83
88
86
86
87
88
87
86
86
83
87
80
87
81
86
85
89
85
70
65
80
86
84
78
92
171
145
91
85
87
88
88
80
86
125
133
106
84
86
87
84
85
89
89
89
83
90
89
82
82
84
87
88
87
86
81
91
87
90
86
85
85
87
86
88
85
87
85
85
86
83
89
86
89
85
89
86
79
89
87
86
83
84
86
87
81
88
86
85
81
184
135
157
84
86
83
84
88
88
85
88
86
88
190
197
162
87
85
86
73
77
84
185
124
157
87
86
83
81
87
87
82
85
91
82
90
85
88
88
91
91
83
153
172
86
128
163
87
86
86
87
90
88
89
137
83
88
191
162
81
86
87
90
86
198
133
168
120
130
102
82
157
178
133
87
85
84
91
90
86
84
89
86
85
90
120
122
102
88
86
